{
 "cells": [
  {
   "cell_type": "code",
   "execution_count": 1,
   "id": "7fbd9a47",
   "metadata": {},
   "outputs": [],
   "source": [
    "import pandas as pd\n",
    "import numpy as np"
   ]
  },
  {
   "cell_type": "code",
   "execution_count": 2,
   "id": "c7e1cbaf",
   "metadata": {},
   "outputs": [],
   "source": [
    "pd.set_option(\"max_rows\", None)"
   ]
  },
  {
   "cell_type": "markdown",
   "id": "430879e9",
   "metadata": {},
   "source": [
    "## Test 6"
   ]
  },
  {
   "cell_type": "code",
   "execution_count": 26,
   "id": "f02bc14f",
   "metadata": {},
   "outputs": [],
   "source": [
    "def fix_columns_name(df):\n",
    "    return [column[0] if column[0] in ['caso', 'tenure', 'max_iter', 'sol_ini'] else column[0] + \"_\" + column[1] for column in df.columns]"
   ]
  },
  {
   "cell_type": "code",
   "execution_count": 4,
   "id": "909f80f8",
   "metadata": {},
   "outputs": [],
   "source": [
    "raw_data = pd.read_csv(\"teste6.csv\")"
   ]
  },
  {
   "cell_type": "code",
   "execution_count": 19,
   "id": "782769e9",
   "metadata": {},
   "outputs": [],
   "source": [
    "test_data = raw_data.drop(list(range(217, 241)), axis=0).reset_index()"
   ]
  },
  {
   "cell_type": "code",
   "execution_count": 22,
   "id": "d9f4f46b",
   "metadata": {},
   "outputs": [
    {
     "data": {
      "text/html": [
       "<div>\n",
       "<style scoped>\n",
       "    .dataframe tbody tr th:only-of-type {\n",
       "        vertical-align: middle;\n",
       "    }\n",
       "\n",
       "    .dataframe tbody tr th {\n",
       "        vertical-align: top;\n",
       "    }\n",
       "\n",
       "    .dataframe thead th {\n",
       "        text-align: right;\n",
       "    }\n",
       "</style>\n",
       "<table border=\"1\" class=\"dataframe\">\n",
       "  <thead>\n",
       "    <tr style=\"text-align: right;\">\n",
       "      <th></th>\n",
       "      <th>index</th>\n",
       "      <th>num_teste</th>\n",
       "      <th>caso</th>\n",
       "      <th>tenure</th>\n",
       "      <th>max_iter</th>\n",
       "      <th>sol_ini</th>\n",
       "      <th>iter_sem_mod</th>\n",
       "      <th>tempo</th>\n",
       "      <th>custo</th>\n",
       "      <th>gap</th>\n",
       "    </tr>\n",
       "  </thead>\n",
       "  <tbody>\n",
       "    <tr>\n",
       "      <th>132</th>\n",
       "      <td>132</td>\n",
       "      <td>132</td>\n",
       "      <td>A-n54-k7.vrp</td>\n",
       "      <td>45</td>\n",
       "      <td>100</td>\n",
       "      <td>Random</td>\n",
       "      <td>50</td>\n",
       "      <td>4605.745162</td>\n",
       "      <td>1481.980460</td>\n",
       "      <td>0.269906</td>\n",
       "    </tr>\n",
       "    <tr>\n",
       "      <th>195</th>\n",
       "      <td>195</td>\n",
       "      <td>195</td>\n",
       "      <td>A-n80-k10.vrp</td>\n",
       "      <td>45</td>\n",
       "      <td>500</td>\n",
       "      <td>Savings</td>\n",
       "      <td>115</td>\n",
       "      <td>27735.819526</td>\n",
       "      <td>1930.111434</td>\n",
       "      <td>0.094788</td>\n",
       "    </tr>\n",
       "    <tr>\n",
       "      <th>216</th>\n",
       "      <td>216</td>\n",
       "      <td>216</td>\n",
       "      <td>A-n80-k10.vrp</td>\n",
       "      <td>100</td>\n",
       "      <td>500</td>\n",
       "      <td>Savings</td>\n",
       "      <td>59</td>\n",
       "      <td>4122.197043</td>\n",
       "      <td>1888.056407</td>\n",
       "      <td>0.070934</td>\n",
       "    </tr>\n",
       "    <tr>\n",
       "      <th>382</th>\n",
       "      <td>406</td>\n",
       "      <td>406</td>\n",
       "      <td>B-n68-k9.vrp</td>\n",
       "      <td>25</td>\n",
       "      <td>500</td>\n",
       "      <td>Savings</td>\n",
       "      <td>203</td>\n",
       "      <td>1558.490467</td>\n",
       "      <td>1376.480515</td>\n",
       "      <td>0.082139</td>\n",
       "    </tr>\n",
       "    <tr>\n",
       "      <th>444</th>\n",
       "      <td>468</td>\n",
       "      <td>468</td>\n",
       "      <td>B-n68-k9.vrp</td>\n",
       "      <td>85</td>\n",
       "      <td>500</td>\n",
       "      <td>Random</td>\n",
       "      <td>68</td>\n",
       "      <td>3343.395326</td>\n",
       "      <td>1484.971499</td>\n",
       "      <td>0.167430</td>\n",
       "    </tr>\n",
       "    <tr>\n",
       "      <th>455</th>\n",
       "      <td>479</td>\n",
       "      <td>479</td>\n",
       "      <td>B-n68-k9.vrp</td>\n",
       "      <td>100</td>\n",
       "      <td>500</td>\n",
       "      <td>Random</td>\n",
       "      <td>68</td>\n",
       "      <td>1540.722010</td>\n",
       "      <td>1583.752267</td>\n",
       "      <td>0.245088</td>\n",
       "    </tr>\n",
       "    <tr>\n",
       "      <th>602</th>\n",
       "      <td>626</td>\n",
       "      <td>626</td>\n",
       "      <td>F-n72-k4.vrp</td>\n",
       "      <td>85</td>\n",
       "      <td>500</td>\n",
       "      <td>Random</td>\n",
       "      <td>120</td>\n",
       "      <td>49882.652268</td>\n",
       "      <td>399.279739</td>\n",
       "      <td>0.684725</td>\n",
       "    </tr>\n",
       "  </tbody>\n",
       "</table>\n",
       "</div>"
      ],
      "text/plain": [
       "     index  num_teste           caso  tenure  max_iter  sol_ini  iter_sem_mod  \\\n",
       "132    132        132   A-n54-k7.vrp      45       100   Random            50   \n",
       "195    195        195  A-n80-k10.vrp      45       500  Savings           115   \n",
       "216    216        216  A-n80-k10.vrp     100       500  Savings            59   \n",
       "382    406        406   B-n68-k9.vrp      25       500  Savings           203   \n",
       "444    468        468   B-n68-k9.vrp      85       500   Random            68   \n",
       "455    479        479   B-n68-k9.vrp     100       500   Random            68   \n",
       "602    626        626   F-n72-k4.vrp      85       500   Random           120   \n",
       "\n",
       "            tempo        custo       gap  \n",
       "132   4605.745162  1481.980460  0.269906  \n",
       "195  27735.819526  1930.111434  0.094788  \n",
       "216   4122.197043  1888.056407  0.070934  \n",
       "382   1558.490467  1376.480515  0.082139  \n",
       "444   3343.395326  1484.971499  0.167430  \n",
       "455   1540.722010  1583.752267  0.245088  \n",
       "602  49882.652268   399.279739  0.684725  "
      ]
     },
     "execution_count": 22,
     "metadata": {},
     "output_type": "execute_result"
    }
   ],
   "source": [
    "test_data[test_data.tempo > 310]"
   ]
  },
  {
   "cell_type": "code",
   "execution_count": 32,
   "id": "0c31b231",
   "metadata": {},
   "outputs": [],
   "source": [
    "test_data2 = test_data[test_data.tempo < 310].drop(columns=['index', 'num_teste'])"
   ]
  },
  {
   "cell_type": "code",
   "execution_count": 33,
   "id": "b0ac6b82",
   "metadata": {},
   "outputs": [
    {
     "data": {
      "text/html": [
       "<div>\n",
       "<style scoped>\n",
       "    .dataframe tbody tr th:only-of-type {\n",
       "        vertical-align: middle;\n",
       "    }\n",
       "\n",
       "    .dataframe tbody tr th {\n",
       "        vertical-align: top;\n",
       "    }\n",
       "\n",
       "    .dataframe thead th {\n",
       "        text-align: right;\n",
       "    }\n",
       "</style>\n",
       "<table border=\"1\" class=\"dataframe\">\n",
       "  <thead>\n",
       "    <tr style=\"text-align: right;\">\n",
       "      <th></th>\n",
       "      <th>caso</th>\n",
       "      <th>tenure</th>\n",
       "      <th>max_iter</th>\n",
       "      <th>sol_ini</th>\n",
       "      <th>iter_sem_mod</th>\n",
       "      <th>tempo</th>\n",
       "      <th>custo</th>\n",
       "      <th>gap</th>\n",
       "    </tr>\n",
       "  </thead>\n",
       "  <tbody>\n",
       "    <tr>\n",
       "      <th>0</th>\n",
       "      <td>A-n32-k5.vrp</td>\n",
       "      <td>25</td>\n",
       "      <td>100</td>\n",
       "      <td>Savings</td>\n",
       "      <td>100</td>\n",
       "      <td>4.087157</td>\n",
       "      <td>862.2763</td>\n",
       "      <td>0.099842</td>\n",
       "    </tr>\n",
       "    <tr>\n",
       "      <th>1</th>\n",
       "      <td>A-n32-k5.vrp</td>\n",
       "      <td>25</td>\n",
       "      <td>100</td>\n",
       "      <td>Savings</td>\n",
       "      <td>100</td>\n",
       "      <td>4.316139</td>\n",
       "      <td>862.2763</td>\n",
       "      <td>0.099842</td>\n",
       "    </tr>\n",
       "    <tr>\n",
       "      <th>2</th>\n",
       "      <td>A-n32-k5.vrp</td>\n",
       "      <td>25</td>\n",
       "      <td>100</td>\n",
       "      <td>Savings</td>\n",
       "      <td>100</td>\n",
       "      <td>4.323998</td>\n",
       "      <td>862.2763</td>\n",
       "      <td>0.099842</td>\n",
       "    </tr>\n",
       "    <tr>\n",
       "      <th>3</th>\n",
       "      <td>A-n32-k5.vrp</td>\n",
       "      <td>25</td>\n",
       "      <td>100</td>\n",
       "      <td>Savings</td>\n",
       "      <td>100</td>\n",
       "      <td>4.195004</td>\n",
       "      <td>862.2763</td>\n",
       "      <td>0.099842</td>\n",
       "    </tr>\n",
       "    <tr>\n",
       "      <th>4</th>\n",
       "      <td>A-n32-k5.vrp</td>\n",
       "      <td>25</td>\n",
       "      <td>100</td>\n",
       "      <td>Savings</td>\n",
       "      <td>100</td>\n",
       "      <td>4.339991</td>\n",
       "      <td>862.2763</td>\n",
       "      <td>0.099842</td>\n",
       "    </tr>\n",
       "  </tbody>\n",
       "</table>\n",
       "</div>"
      ],
      "text/plain": [
       "           caso  tenure  max_iter  sol_ini  iter_sem_mod     tempo     custo  \\\n",
       "0  A-n32-k5.vrp      25       100  Savings           100  4.087157  862.2763   \n",
       "1  A-n32-k5.vrp      25       100  Savings           100  4.316139  862.2763   \n",
       "2  A-n32-k5.vrp      25       100  Savings           100  4.323998  862.2763   \n",
       "3  A-n32-k5.vrp      25       100  Savings           100  4.195004  862.2763   \n",
       "4  A-n32-k5.vrp      25       100  Savings           100  4.339991  862.2763   \n",
       "\n",
       "        gap  \n",
       "0  0.099842  \n",
       "1  0.099842  \n",
       "2  0.099842  \n",
       "3  0.099842  \n",
       "4  0.099842  "
      ]
     },
     "execution_count": 33,
     "metadata": {},
     "output_type": "execute_result"
    }
   ],
   "source": [
    "test_data2.head(5)"
   ]
  },
  {
   "cell_type": "code",
   "execution_count": 73,
   "id": "e6c90b1f",
   "metadata": {},
   "outputs": [],
   "source": [
    "test_data3 = test_data2.groupby(['caso', 'tenure', 'max_iter', 'sol_ini']).agg({'custo': ['mean', 'min', np.std], 'tempo': ['mean'], 'gap': ['mean', 'min']}).reset_index()"
   ]
  },
  {
   "cell_type": "code",
   "execution_count": 74,
   "id": "69b98b90",
   "metadata": {},
   "outputs": [
    {
     "data": {
      "text/html": [
       "<div>\n",
       "<style scoped>\n",
       "    .dataframe tbody tr th:only-of-type {\n",
       "        vertical-align: middle;\n",
       "    }\n",
       "\n",
       "    .dataframe tbody tr th {\n",
       "        vertical-align: top;\n",
       "    }\n",
       "\n",
       "    .dataframe thead tr th {\n",
       "        text-align: left;\n",
       "    }\n",
       "</style>\n",
       "<table border=\"1\" class=\"dataframe\">\n",
       "  <thead>\n",
       "    <tr>\n",
       "      <th></th>\n",
       "      <th>caso</th>\n",
       "      <th>tenure</th>\n",
       "      <th>max_iter</th>\n",
       "      <th>sol_ini</th>\n",
       "      <th colspan=\"3\" halign=\"left\">custo</th>\n",
       "      <th>tempo</th>\n",
       "      <th colspan=\"2\" halign=\"left\">gap</th>\n",
       "    </tr>\n",
       "    <tr>\n",
       "      <th></th>\n",
       "      <th></th>\n",
       "      <th></th>\n",
       "      <th></th>\n",
       "      <th></th>\n",
       "      <th>mean</th>\n",
       "      <th>min</th>\n",
       "      <th>std</th>\n",
       "      <th>mean</th>\n",
       "      <th>mean</th>\n",
       "      <th>min</th>\n",
       "    </tr>\n",
       "  </thead>\n",
       "  <tbody>\n",
       "    <tr>\n",
       "      <th>0</th>\n",
       "      <td>A-n32-k5.vrp</td>\n",
       "      <td>25</td>\n",
       "      <td>100</td>\n",
       "      <td>Random</td>\n",
       "      <td>1008.616288</td>\n",
       "      <td>934.277783</td>\n",
       "      <td>68.882873</td>\n",
       "      <td>3.399436</td>\n",
       "      <td>0.286500</td>\n",
       "      <td>0.191681</td>\n",
       "    </tr>\n",
       "    <tr>\n",
       "      <th>1</th>\n",
       "      <td>A-n32-k5.vrp</td>\n",
       "      <td>25</td>\n",
       "      <td>100</td>\n",
       "      <td>Savings</td>\n",
       "      <td>862.276300</td>\n",
       "      <td>862.276300</td>\n",
       "      <td>0.000000</td>\n",
       "      <td>4.252458</td>\n",
       "      <td>0.099842</td>\n",
       "      <td>0.099842</td>\n",
       "    </tr>\n",
       "    <tr>\n",
       "      <th>2</th>\n",
       "      <td>A-n32-k5.vrp</td>\n",
       "      <td>25</td>\n",
       "      <td>500</td>\n",
       "      <td>Random</td>\n",
       "      <td>1029.876068</td>\n",
       "      <td>912.634310</td>\n",
       "      <td>104.310454</td>\n",
       "      <td>14.140227</td>\n",
       "      <td>0.313617</td>\n",
       "      <td>0.164074</td>\n",
       "    </tr>\n",
       "  </tbody>\n",
       "</table>\n",
       "</div>"
      ],
      "text/plain": [
       "           caso tenure max_iter  sol_ini        custo                          \\\n",
       "                                                 mean         min         std   \n",
       "0  A-n32-k5.vrp     25      100   Random  1008.616288  934.277783   68.882873   \n",
       "1  A-n32-k5.vrp     25      100  Savings   862.276300  862.276300    0.000000   \n",
       "2  A-n32-k5.vrp     25      500   Random  1029.876068  912.634310  104.310454   \n",
       "\n",
       "       tempo       gap            \n",
       "        mean      mean       min  \n",
       "0   3.399436  0.286500  0.191681  \n",
       "1   4.252458  0.099842  0.099842  \n",
       "2  14.140227  0.313617  0.164074  "
      ]
     },
     "execution_count": 74,
     "metadata": {},
     "output_type": "execute_result"
    }
   ],
   "source": [
    "test_data3.head(3)"
   ]
  },
  {
   "cell_type": "code",
   "execution_count": 75,
   "id": "2a6bfe2f",
   "metadata": {},
   "outputs": [],
   "source": [
    "test_data3.columns = fix_columns_name(test_data3)"
   ]
  },
  {
   "cell_type": "code",
   "execution_count": 76,
   "id": "883bc2c9",
   "metadata": {
    "scrolled": true
   },
   "outputs": [
    {
     "data": {
      "text/plain": [
       "Index(['caso', 'tenure', 'max_iter', 'sol_ini', 'custo_mean', 'custo_min',\n",
       "       'custo_std', 'tempo_mean', 'gap_mean', 'gap_min'],\n",
       "      dtype='object')"
      ]
     },
     "execution_count": 76,
     "metadata": {},
     "output_type": "execute_result"
    }
   ],
   "source": [
    "test_data3.columns "
   ]
  },
  {
   "cell_type": "markdown",
   "id": "25670441",
   "metadata": {},
   "source": [
    "## A - n23 - k5 "
   ]
  },
  {
   "cell_type": "code",
   "execution_count": 96,
   "id": "3a26c7df",
   "metadata": {},
   "outputs": [
    {
     "data": {
      "text/html": [
       "<div>\n",
       "<style scoped>\n",
       "    .dataframe tbody tr th:only-of-type {\n",
       "        vertical-align: middle;\n",
       "    }\n",
       "\n",
       "    .dataframe tbody tr th {\n",
       "        vertical-align: top;\n",
       "    }\n",
       "\n",
       "    .dataframe thead th {\n",
       "        text-align: right;\n",
       "    }\n",
       "</style>\n",
       "<table border=\"1\" class=\"dataframe\">\n",
       "  <thead>\n",
       "    <tr style=\"text-align: right;\">\n",
       "      <th></th>\n",
       "      <th>caso</th>\n",
       "      <th>tenure</th>\n",
       "      <th>max_iter</th>\n",
       "      <th>sol_ini</th>\n",
       "      <th>custo_mean</th>\n",
       "      <th>custo_min</th>\n",
       "      <th>custo_std</th>\n",
       "      <th>tempo_mean</th>\n",
       "      <th>gap_mean</th>\n",
       "      <th>gap_min</th>\n",
       "    </tr>\n",
       "  </thead>\n",
       "  <tbody>\n",
       "    <tr>\n",
       "      <th>14</th>\n",
       "      <td>A-n32-k5.vrp</td>\n",
       "      <td>100</td>\n",
       "      <td>500</td>\n",
       "      <td>Random</td>\n",
       "      <td>862.383749</td>\n",
       "      <td>800.048823</td>\n",
       "      <td>57.134398</td>\n",
       "      <td>22.756686</td>\n",
       "      <td>0.099979</td>\n",
       "      <td>0.020470</td>\n",
       "    </tr>\n",
       "    <tr>\n",
       "      <th>12</th>\n",
       "      <td>A-n32-k5.vrp</td>\n",
       "      <td>100</td>\n",
       "      <td>100</td>\n",
       "      <td>Random</td>\n",
       "      <td>886.765156</td>\n",
       "      <td>811.833648</td>\n",
       "      <td>56.178229</td>\n",
       "      <td>6.596792</td>\n",
       "      <td>0.131078</td>\n",
       "      <td>0.035502</td>\n",
       "    </tr>\n",
       "    <tr>\n",
       "      <th>10</th>\n",
       "      <td>A-n32-k5.vrp</td>\n",
       "      <td>85</td>\n",
       "      <td>500</td>\n",
       "      <td>Random</td>\n",
       "      <td>845.468775</td>\n",
       "      <td>825.273105</td>\n",
       "      <td>12.496380</td>\n",
       "      <td>28.518870</td>\n",
       "      <td>0.078404</td>\n",
       "      <td>0.052644</td>\n",
       "    </tr>\n",
       "    <tr>\n",
       "      <th>8</th>\n",
       "      <td>A-n32-k5.vrp</td>\n",
       "      <td>85</td>\n",
       "      <td>100</td>\n",
       "      <td>Random</td>\n",
       "      <td>891.012468</td>\n",
       "      <td>831.151965</td>\n",
       "      <td>57.865959</td>\n",
       "      <td>7.249799</td>\n",
       "      <td>0.136496</td>\n",
       "      <td>0.060143</td>\n",
       "    </tr>\n",
       "    <tr>\n",
       "      <th>7</th>\n",
       "      <td>A-n32-k5.vrp</td>\n",
       "      <td>45</td>\n",
       "      <td>500</td>\n",
       "      <td>Savings</td>\n",
       "      <td>848.181723</td>\n",
       "      <td>831.395068</td>\n",
       "      <td>10.138712</td>\n",
       "      <td>19.661619</td>\n",
       "      <td>0.081864</td>\n",
       "      <td>0.060453</td>\n",
       "    </tr>\n",
       "    <tr>\n",
       "      <th>11</th>\n",
       "      <td>A-n32-k5.vrp</td>\n",
       "      <td>85</td>\n",
       "      <td>500</td>\n",
       "      <td>Savings</td>\n",
       "      <td>846.870698</td>\n",
       "      <td>834.399198</td>\n",
       "      <td>8.492126</td>\n",
       "      <td>19.976220</td>\n",
       "      <td>0.080192</td>\n",
       "      <td>0.064285</td>\n",
       "    </tr>\n",
       "    <tr>\n",
       "      <th>9</th>\n",
       "      <td>A-n32-k5.vrp</td>\n",
       "      <td>85</td>\n",
       "      <td>100</td>\n",
       "      <td>Savings</td>\n",
       "      <td>851.380639</td>\n",
       "      <td>837.683456</td>\n",
       "      <td>7.656958</td>\n",
       "      <td>4.817122</td>\n",
       "      <td>0.085944</td>\n",
       "      <td>0.068474</td>\n",
       "    </tr>\n",
       "    <tr>\n",
       "      <th>15</th>\n",
       "      <td>A-n32-k5.vrp</td>\n",
       "      <td>100</td>\n",
       "      <td>500</td>\n",
       "      <td>Savings</td>\n",
       "      <td>849.107190</td>\n",
       "      <td>842.550755</td>\n",
       "      <td>5.482808</td>\n",
       "      <td>21.226448</td>\n",
       "      <td>0.083045</td>\n",
       "      <td>0.074682</td>\n",
       "    </tr>\n",
       "    <tr>\n",
       "      <th>13</th>\n",
       "      <td>A-n32-k5.vrp</td>\n",
       "      <td>100</td>\n",
       "      <td>100</td>\n",
       "      <td>Savings</td>\n",
       "      <td>852.907258</td>\n",
       "      <td>845.316550</td>\n",
       "      <td>4.243335</td>\n",
       "      <td>4.511332</td>\n",
       "      <td>0.087892</td>\n",
       "      <td>0.078210</td>\n",
       "    </tr>\n",
       "    <tr>\n",
       "      <th>6</th>\n",
       "      <td>A-n32-k5.vrp</td>\n",
       "      <td>45</td>\n",
       "      <td>500</td>\n",
       "      <td>Random</td>\n",
       "      <td>883.210211</td>\n",
       "      <td>849.581133</td>\n",
       "      <td>32.048158</td>\n",
       "      <td>30.404845</td>\n",
       "      <td>0.126543</td>\n",
       "      <td>0.083649</td>\n",
       "    </tr>\n",
       "    <tr>\n",
       "      <th>5</th>\n",
       "      <td>A-n32-k5.vrp</td>\n",
       "      <td>45</td>\n",
       "      <td>100</td>\n",
       "      <td>Savings</td>\n",
       "      <td>854.804935</td>\n",
       "      <td>854.804935</td>\n",
       "      <td>0.000000</td>\n",
       "      <td>4.305379</td>\n",
       "      <td>0.090312</td>\n",
       "      <td>0.090312</td>\n",
       "    </tr>\n",
       "    <tr>\n",
       "      <th>4</th>\n",
       "      <td>A-n32-k5.vrp</td>\n",
       "      <td>45</td>\n",
       "      <td>100</td>\n",
       "      <td>Random</td>\n",
       "      <td>968.632883</td>\n",
       "      <td>857.458522</td>\n",
       "      <td>71.890892</td>\n",
       "      <td>7.345799</td>\n",
       "      <td>0.235501</td>\n",
       "      <td>0.093697</td>\n",
       "    </tr>\n",
       "    <tr>\n",
       "      <th>1</th>\n",
       "      <td>A-n32-k5.vrp</td>\n",
       "      <td>25</td>\n",
       "      <td>100</td>\n",
       "      <td>Savings</td>\n",
       "      <td>862.276300</td>\n",
       "      <td>862.276300</td>\n",
       "      <td>0.000000</td>\n",
       "      <td>4.252458</td>\n",
       "      <td>0.099842</td>\n",
       "      <td>0.099842</td>\n",
       "    </tr>\n",
       "    <tr>\n",
       "      <th>3</th>\n",
       "      <td>A-n32-k5.vrp</td>\n",
       "      <td>25</td>\n",
       "      <td>500</td>\n",
       "      <td>Savings</td>\n",
       "      <td>862.276300</td>\n",
       "      <td>862.276300</td>\n",
       "      <td>0.000000</td>\n",
       "      <td>15.452866</td>\n",
       "      <td>0.099842</td>\n",
       "      <td>0.099842</td>\n",
       "    </tr>\n",
       "    <tr>\n",
       "      <th>2</th>\n",
       "      <td>A-n32-k5.vrp</td>\n",
       "      <td>25</td>\n",
       "      <td>500</td>\n",
       "      <td>Random</td>\n",
       "      <td>1029.876068</td>\n",
       "      <td>912.634310</td>\n",
       "      <td>104.310454</td>\n",
       "      <td>14.140227</td>\n",
       "      <td>0.313617</td>\n",
       "      <td>0.164074</td>\n",
       "    </tr>\n",
       "    <tr>\n",
       "      <th>0</th>\n",
       "      <td>A-n32-k5.vrp</td>\n",
       "      <td>25</td>\n",
       "      <td>100</td>\n",
       "      <td>Random</td>\n",
       "      <td>1008.616288</td>\n",
       "      <td>934.277783</td>\n",
       "      <td>68.882873</td>\n",
       "      <td>3.399436</td>\n",
       "      <td>0.286500</td>\n",
       "      <td>0.191681</td>\n",
       "    </tr>\n",
       "  </tbody>\n",
       "</table>\n",
       "</div>"
      ],
      "text/plain": [
       "            caso  tenure  max_iter  sol_ini   custo_mean   custo_min  \\\n",
       "14  A-n32-k5.vrp     100       500   Random   862.383749  800.048823   \n",
       "12  A-n32-k5.vrp     100       100   Random   886.765156  811.833648   \n",
       "10  A-n32-k5.vrp      85       500   Random   845.468775  825.273105   \n",
       "8   A-n32-k5.vrp      85       100   Random   891.012468  831.151965   \n",
       "7   A-n32-k5.vrp      45       500  Savings   848.181723  831.395068   \n",
       "11  A-n32-k5.vrp      85       500  Savings   846.870698  834.399198   \n",
       "9   A-n32-k5.vrp      85       100  Savings   851.380639  837.683456   \n",
       "15  A-n32-k5.vrp     100       500  Savings   849.107190  842.550755   \n",
       "13  A-n32-k5.vrp     100       100  Savings   852.907258  845.316550   \n",
       "6   A-n32-k5.vrp      45       500   Random   883.210211  849.581133   \n",
       "5   A-n32-k5.vrp      45       100  Savings   854.804935  854.804935   \n",
       "4   A-n32-k5.vrp      45       100   Random   968.632883  857.458522   \n",
       "1   A-n32-k5.vrp      25       100  Savings   862.276300  862.276300   \n",
       "3   A-n32-k5.vrp      25       500  Savings   862.276300  862.276300   \n",
       "2   A-n32-k5.vrp      25       500   Random  1029.876068  912.634310   \n",
       "0   A-n32-k5.vrp      25       100   Random  1008.616288  934.277783   \n",
       "\n",
       "     custo_std  tempo_mean  gap_mean   gap_min  \n",
       "14   57.134398   22.756686  0.099979  0.020470  \n",
       "12   56.178229    6.596792  0.131078  0.035502  \n",
       "10   12.496380   28.518870  0.078404  0.052644  \n",
       "8    57.865959    7.249799  0.136496  0.060143  \n",
       "7    10.138712   19.661619  0.081864  0.060453  \n",
       "11    8.492126   19.976220  0.080192  0.064285  \n",
       "9     7.656958    4.817122  0.085944  0.068474  \n",
       "15    5.482808   21.226448  0.083045  0.074682  \n",
       "13    4.243335    4.511332  0.087892  0.078210  \n",
       "6    32.048158   30.404845  0.126543  0.083649  \n",
       "5     0.000000    4.305379  0.090312  0.090312  \n",
       "4    71.890892    7.345799  0.235501  0.093697  \n",
       "1     0.000000    4.252458  0.099842  0.099842  \n",
       "3     0.000000   15.452866  0.099842  0.099842  \n",
       "2   104.310454   14.140227  0.313617  0.164074  \n",
       "0    68.882873    3.399436  0.286500  0.191681  "
      ]
     },
     "execution_count": 96,
     "metadata": {},
     "output_type": "execute_result"
    }
   ],
   "source": [
    "casos_an32k5 = test_data3.loc[test_data3.caso=='A-n32-k5.vrp']\n",
    "casos_an32k5.sort_values('custo_min')"
   ]
  },
  {
   "cell_type": "code",
   "execution_count": 78,
   "id": "2651e161",
   "metadata": {},
   "outputs": [
    {
     "data": {
      "text/html": [
       "<div>\n",
       "<style scoped>\n",
       "    .dataframe tbody tr th:only-of-type {\n",
       "        vertical-align: middle;\n",
       "    }\n",
       "\n",
       "    .dataframe tbody tr th {\n",
       "        vertical-align: top;\n",
       "    }\n",
       "\n",
       "    .dataframe thead th {\n",
       "        text-align: right;\n",
       "    }\n",
       "</style>\n",
       "<table border=\"1\" class=\"dataframe\">\n",
       "  <thead>\n",
       "    <tr style=\"text-align: right;\">\n",
       "      <th></th>\n",
       "      <th>caso</th>\n",
       "      <th>tenure</th>\n",
       "      <th>max_iter</th>\n",
       "      <th>sol_ini</th>\n",
       "      <th>custo_mean</th>\n",
       "      <th>custo_min</th>\n",
       "      <th>custo_std</th>\n",
       "      <th>tempo_mean</th>\n",
       "      <th>gap_mean</th>\n",
       "      <th>gap_min</th>\n",
       "    </tr>\n",
       "  </thead>\n",
       "  <tbody>\n",
       "    <tr>\n",
       "      <th>10</th>\n",
       "      <td>A-n32-k5.vrp</td>\n",
       "      <td>85</td>\n",
       "      <td>500</td>\n",
       "      <td>Random</td>\n",
       "      <td>845.468775</td>\n",
       "      <td>825.273105</td>\n",
       "      <td>12.496380</td>\n",
       "      <td>28.518870</td>\n",
       "      <td>0.078404</td>\n",
       "      <td>0.052644</td>\n",
       "    </tr>\n",
       "    <tr>\n",
       "      <th>11</th>\n",
       "      <td>A-n32-k5.vrp</td>\n",
       "      <td>85</td>\n",
       "      <td>500</td>\n",
       "      <td>Savings</td>\n",
       "      <td>846.870698</td>\n",
       "      <td>834.399198</td>\n",
       "      <td>8.492126</td>\n",
       "      <td>19.976220</td>\n",
       "      <td>0.080192</td>\n",
       "      <td>0.064285</td>\n",
       "    </tr>\n",
       "    <tr>\n",
       "      <th>7</th>\n",
       "      <td>A-n32-k5.vrp</td>\n",
       "      <td>45</td>\n",
       "      <td>500</td>\n",
       "      <td>Savings</td>\n",
       "      <td>848.181723</td>\n",
       "      <td>831.395068</td>\n",
       "      <td>10.138712</td>\n",
       "      <td>19.661619</td>\n",
       "      <td>0.081864</td>\n",
       "      <td>0.060453</td>\n",
       "    </tr>\n",
       "    <tr>\n",
       "      <th>15</th>\n",
       "      <td>A-n32-k5.vrp</td>\n",
       "      <td>100</td>\n",
       "      <td>500</td>\n",
       "      <td>Savings</td>\n",
       "      <td>849.107190</td>\n",
       "      <td>842.550755</td>\n",
       "      <td>5.482808</td>\n",
       "      <td>21.226448</td>\n",
       "      <td>0.083045</td>\n",
       "      <td>0.074682</td>\n",
       "    </tr>\n",
       "    <tr>\n",
       "      <th>9</th>\n",
       "      <td>A-n32-k5.vrp</td>\n",
       "      <td>85</td>\n",
       "      <td>100</td>\n",
       "      <td>Savings</td>\n",
       "      <td>851.380639</td>\n",
       "      <td>837.683456</td>\n",
       "      <td>7.656958</td>\n",
       "      <td>4.817122</td>\n",
       "      <td>0.085944</td>\n",
       "      <td>0.068474</td>\n",
       "    </tr>\n",
       "    <tr>\n",
       "      <th>13</th>\n",
       "      <td>A-n32-k5.vrp</td>\n",
       "      <td>100</td>\n",
       "      <td>100</td>\n",
       "      <td>Savings</td>\n",
       "      <td>852.907258</td>\n",
       "      <td>845.316550</td>\n",
       "      <td>4.243335</td>\n",
       "      <td>4.511332</td>\n",
       "      <td>0.087892</td>\n",
       "      <td>0.078210</td>\n",
       "    </tr>\n",
       "    <tr>\n",
       "      <th>5</th>\n",
       "      <td>A-n32-k5.vrp</td>\n",
       "      <td>45</td>\n",
       "      <td>100</td>\n",
       "      <td>Savings</td>\n",
       "      <td>854.804935</td>\n",
       "      <td>854.804935</td>\n",
       "      <td>0.000000</td>\n",
       "      <td>4.305379</td>\n",
       "      <td>0.090312</td>\n",
       "      <td>0.090312</td>\n",
       "    </tr>\n",
       "    <tr>\n",
       "      <th>1</th>\n",
       "      <td>A-n32-k5.vrp</td>\n",
       "      <td>25</td>\n",
       "      <td>100</td>\n",
       "      <td>Savings</td>\n",
       "      <td>862.276300</td>\n",
       "      <td>862.276300</td>\n",
       "      <td>0.000000</td>\n",
       "      <td>4.252458</td>\n",
       "      <td>0.099842</td>\n",
       "      <td>0.099842</td>\n",
       "    </tr>\n",
       "    <tr>\n",
       "      <th>3</th>\n",
       "      <td>A-n32-k5.vrp</td>\n",
       "      <td>25</td>\n",
       "      <td>500</td>\n",
       "      <td>Savings</td>\n",
       "      <td>862.276300</td>\n",
       "      <td>862.276300</td>\n",
       "      <td>0.000000</td>\n",
       "      <td>15.452866</td>\n",
       "      <td>0.099842</td>\n",
       "      <td>0.099842</td>\n",
       "    </tr>\n",
       "    <tr>\n",
       "      <th>14</th>\n",
       "      <td>A-n32-k5.vrp</td>\n",
       "      <td>100</td>\n",
       "      <td>500</td>\n",
       "      <td>Random</td>\n",
       "      <td>862.383749</td>\n",
       "      <td>800.048823</td>\n",
       "      <td>57.134398</td>\n",
       "      <td>22.756686</td>\n",
       "      <td>0.099979</td>\n",
       "      <td>0.020470</td>\n",
       "    </tr>\n",
       "    <tr>\n",
       "      <th>6</th>\n",
       "      <td>A-n32-k5.vrp</td>\n",
       "      <td>45</td>\n",
       "      <td>500</td>\n",
       "      <td>Random</td>\n",
       "      <td>883.210211</td>\n",
       "      <td>849.581133</td>\n",
       "      <td>32.048158</td>\n",
       "      <td>30.404845</td>\n",
       "      <td>0.126543</td>\n",
       "      <td>0.083649</td>\n",
       "    </tr>\n",
       "    <tr>\n",
       "      <th>12</th>\n",
       "      <td>A-n32-k5.vrp</td>\n",
       "      <td>100</td>\n",
       "      <td>100</td>\n",
       "      <td>Random</td>\n",
       "      <td>886.765156</td>\n",
       "      <td>811.833648</td>\n",
       "      <td>56.178229</td>\n",
       "      <td>6.596792</td>\n",
       "      <td>0.131078</td>\n",
       "      <td>0.035502</td>\n",
       "    </tr>\n",
       "    <tr>\n",
       "      <th>8</th>\n",
       "      <td>A-n32-k5.vrp</td>\n",
       "      <td>85</td>\n",
       "      <td>100</td>\n",
       "      <td>Random</td>\n",
       "      <td>891.012468</td>\n",
       "      <td>831.151965</td>\n",
       "      <td>57.865959</td>\n",
       "      <td>7.249799</td>\n",
       "      <td>0.136496</td>\n",
       "      <td>0.060143</td>\n",
       "    </tr>\n",
       "    <tr>\n",
       "      <th>4</th>\n",
       "      <td>A-n32-k5.vrp</td>\n",
       "      <td>45</td>\n",
       "      <td>100</td>\n",
       "      <td>Random</td>\n",
       "      <td>968.632883</td>\n",
       "      <td>857.458522</td>\n",
       "      <td>71.890892</td>\n",
       "      <td>7.345799</td>\n",
       "      <td>0.235501</td>\n",
       "      <td>0.093697</td>\n",
       "    </tr>\n",
       "    <tr>\n",
       "      <th>0</th>\n",
       "      <td>A-n32-k5.vrp</td>\n",
       "      <td>25</td>\n",
       "      <td>100</td>\n",
       "      <td>Random</td>\n",
       "      <td>1008.616288</td>\n",
       "      <td>934.277783</td>\n",
       "      <td>68.882873</td>\n",
       "      <td>3.399436</td>\n",
       "      <td>0.286500</td>\n",
       "      <td>0.191681</td>\n",
       "    </tr>\n",
       "    <tr>\n",
       "      <th>2</th>\n",
       "      <td>A-n32-k5.vrp</td>\n",
       "      <td>25</td>\n",
       "      <td>500</td>\n",
       "      <td>Random</td>\n",
       "      <td>1029.876068</td>\n",
       "      <td>912.634310</td>\n",
       "      <td>104.310454</td>\n",
       "      <td>14.140227</td>\n",
       "      <td>0.313617</td>\n",
       "      <td>0.164074</td>\n",
       "    </tr>\n",
       "  </tbody>\n",
       "</table>\n",
       "</div>"
      ],
      "text/plain": [
       "            caso  tenure  max_iter  sol_ini   custo_mean   custo_min  \\\n",
       "10  A-n32-k5.vrp      85       500   Random   845.468775  825.273105   \n",
       "11  A-n32-k5.vrp      85       500  Savings   846.870698  834.399198   \n",
       "7   A-n32-k5.vrp      45       500  Savings   848.181723  831.395068   \n",
       "15  A-n32-k5.vrp     100       500  Savings   849.107190  842.550755   \n",
       "9   A-n32-k5.vrp      85       100  Savings   851.380639  837.683456   \n",
       "13  A-n32-k5.vrp     100       100  Savings   852.907258  845.316550   \n",
       "5   A-n32-k5.vrp      45       100  Savings   854.804935  854.804935   \n",
       "1   A-n32-k5.vrp      25       100  Savings   862.276300  862.276300   \n",
       "3   A-n32-k5.vrp      25       500  Savings   862.276300  862.276300   \n",
       "14  A-n32-k5.vrp     100       500   Random   862.383749  800.048823   \n",
       "6   A-n32-k5.vrp      45       500   Random   883.210211  849.581133   \n",
       "12  A-n32-k5.vrp     100       100   Random   886.765156  811.833648   \n",
       "8   A-n32-k5.vrp      85       100   Random   891.012468  831.151965   \n",
       "4   A-n32-k5.vrp      45       100   Random   968.632883  857.458522   \n",
       "0   A-n32-k5.vrp      25       100   Random  1008.616288  934.277783   \n",
       "2   A-n32-k5.vrp      25       500   Random  1029.876068  912.634310   \n",
       "\n",
       "     custo_std  tempo_mean  gap_mean   gap_min  \n",
       "10   12.496380   28.518870  0.078404  0.052644  \n",
       "11    8.492126   19.976220  0.080192  0.064285  \n",
       "7    10.138712   19.661619  0.081864  0.060453  \n",
       "15    5.482808   21.226448  0.083045  0.074682  \n",
       "9     7.656958    4.817122  0.085944  0.068474  \n",
       "13    4.243335    4.511332  0.087892  0.078210  \n",
       "5     0.000000    4.305379  0.090312  0.090312  \n",
       "1     0.000000    4.252458  0.099842  0.099842  \n",
       "3     0.000000   15.452866  0.099842  0.099842  \n",
       "14   57.134398   22.756686  0.099979  0.020470  \n",
       "6    32.048158   30.404845  0.126543  0.083649  \n",
       "12   56.178229    6.596792  0.131078  0.035502  \n",
       "8    57.865959    7.249799  0.136496  0.060143  \n",
       "4    71.890892    7.345799  0.235501  0.093697  \n",
       "0    68.882873    3.399436  0.286500  0.191681  \n",
       "2   104.310454   14.140227  0.313617  0.164074  "
      ]
     },
     "execution_count": 78,
     "metadata": {},
     "output_type": "execute_result"
    }
   ],
   "source": [
    "casos_an32k5 = test_data3.loc[test_data3.caso=='A-n32-k5.vrp']\n",
    "casos_an32k5.sort_values('custo_mean')"
   ]
  },
  {
   "cell_type": "code",
   "execution_count": 89,
   "id": "4bf24ebf",
   "metadata": {
    "scrolled": false
   },
   "outputs": [],
   "source": [
    "test_data4 = test_data3.loc[test_data3.caso == 'A-n32-k5.vrp']"
   ]
  },
  {
   "cell_type": "code",
   "execution_count": 94,
   "id": "e8431f01",
   "metadata": {},
   "outputs": [
    {
     "data": {
      "text/html": [
       "<div>\n",
       "<style scoped>\n",
       "    .dataframe tbody tr th:only-of-type {\n",
       "        vertical-align: middle;\n",
       "    }\n",
       "\n",
       "    .dataframe tbody tr th {\n",
       "        vertical-align: top;\n",
       "    }\n",
       "\n",
       "    .dataframe thead th {\n",
       "        text-align: right;\n",
       "    }\n",
       "</style>\n",
       "<table border=\"1\" class=\"dataframe\">\n",
       "  <thead>\n",
       "    <tr style=\"text-align: right;\">\n",
       "      <th></th>\n",
       "      <th>caso</th>\n",
       "      <th>tenure</th>\n",
       "      <th>max_iter</th>\n",
       "      <th>sol_ini</th>\n",
       "      <th>custo_mean</th>\n",
       "      <th>custo_min</th>\n",
       "      <th>custo_std</th>\n",
       "      <th>tempo_mean</th>\n",
       "      <th>gap_mean</th>\n",
       "      <th>gap_min</th>\n",
       "      <th>otimo</th>\n",
       "    </tr>\n",
       "  </thead>\n",
       "  <tbody>\n",
       "    <tr>\n",
       "      <th>2</th>\n",
       "      <td>A-n32-k5.vrp</td>\n",
       "      <td>25</td>\n",
       "      <td>500</td>\n",
       "      <td>Random</td>\n",
       "      <td>1029.876068</td>\n",
       "      <td>912.634310</td>\n",
       "      <td>104.310454</td>\n",
       "      <td>14.140227</td>\n",
       "      <td>0.313617</td>\n",
       "      <td>0.164074</td>\n",
       "      <td>784</td>\n",
       "    </tr>\n",
       "    <tr>\n",
       "      <th>3</th>\n",
       "      <td>A-n32-k5.vrp</td>\n",
       "      <td>25</td>\n",
       "      <td>500</td>\n",
       "      <td>Savings</td>\n",
       "      <td>862.276300</td>\n",
       "      <td>862.276300</td>\n",
       "      <td>0.000000</td>\n",
       "      <td>15.452866</td>\n",
       "      <td>0.099842</td>\n",
       "      <td>0.099842</td>\n",
       "      <td>784</td>\n",
       "    </tr>\n",
       "    <tr>\n",
       "      <th>7</th>\n",
       "      <td>A-n32-k5.vrp</td>\n",
       "      <td>45</td>\n",
       "      <td>500</td>\n",
       "      <td>Savings</td>\n",
       "      <td>848.181723</td>\n",
       "      <td>831.395068</td>\n",
       "      <td>10.138712</td>\n",
       "      <td>19.661619</td>\n",
       "      <td>0.081864</td>\n",
       "      <td>0.060453</td>\n",
       "      <td>784</td>\n",
       "    </tr>\n",
       "    <tr>\n",
       "      <th>11</th>\n",
